111

0 7
1 8
2 8
3 9
3 14
4 12
4 13
5 8
6 13
7 11
7 13
8 10
8 13
9 14
10 10
11 11
12 13
13 14
13 17
13 18
13 20
13 21
13 23
14 15
14 16
14 22
14 24
14 29
14 30
14 31
15 16
16 22
17 19
17 28
18 21
18 23
18 27
19 25
19 26
20 24
20 25
20 26
21 21
22 22
23 23
24 29
25 26
26 26
27 27
28 28
29 29
30 31
31 32
31 35
32 32
33 35
34 35
35 36
35 40
35 41
35 43
35 44
36 37
36 40
37 40
38 39
38 41
39 41
40 40
41 42
42 42
43 43
44 46
45 59
46 47
46 48
46 57
47 48
48 56
48 57
49 60
50 60
51 62
52 62
53 62
54 60
55 62
56 57
56 59
57 60
57 61
58 62
59 66
60 61
60 62
60 63
60 71
61 65
62 63
62 64
62 69
62 70
63 63
64 68
65 67
66 67
67 67
68 68
69 70
70 70
71 71