1

33_4
29
52.0408602151 557.043010753
141.905577835 319.527524608
277.612676056 156.746478873
298.494273659 786.38517179
440.5 633.5
606.5 1504.5
635.572057206 502.400440044
658.87342437 209.050420168
741.411358025 762.622716049
1062.16602932 387.51625239
1083.41810919 165.009320905
1090.98805646 760.963083605
1292.60899654 207.629757785
1299.37823372 809.05352364
1493.07678651 635.181091877
1497.70187166 806.076871658
1595.51547389 309.459864603
1678.0 821.5
1900.10868461 496.092432707
1911.18363743 104.634490877
1917.15599534 813.388242142
2078.46809387 326.684232194
2126.50693569 812.201134931
2164.0043205 110.97761194
2266.33333333 478.778614458
2285.5 714.5
2391.76856187 804.717056856
2417.93112948 289.508264463
2426.11715314 596.138344662
