4

33_4
29
2078.46809387 326.684232194
635.572057206 502.400440044
1497.70187166 806.076871658
1292.60899654 207.629757785
141.905577835 319.527524608
2426.11715314 596.138344662
606.5 1504.5
298.494273659 786.38517179
2126.50693569 812.201134931
1595.51547389 309.459864603
1911.18363743 104.634490877
1090.98805646 760.963083605
1062.16602932 387.51625239
741.411358025 762.622716049
2417.93112948 289.508264463
658.87342437 209.050420168
2164.0043205 110.97761194
1900.10868461 496.092432707
2285.5 714.5
52.0408602151 557.043010753
1917.15599534 813.388242142
277.612676056 156.746478873
1493.07678651 635.181091877
1083.41810919 165.009320905
2266.33333333 478.778614458
1299.37823372 809.05352364
440.5 633.5
1678.0 821.5
2391.76856187 804.717056856

33_3
36
1688.63360068 831.455888561
417.756828781 604.858316678
2118.89902418 544.199830293
1471.59556018 172.642039542
1057.16691654 174.722638681
875.857761733 831.011191336
1461.797151 499.311680912
107.035838624 592.917059185
1889.27003553 173.215949467
260.042 353.28
2119.58539458 820.833922261
2348.54631083 298.795918367
1275.98342541 538.869244936
643.413369714 852.708731241
1728.56817385 639.915177007
887.49941928 578.409407666
1258.87853774 820.78125
2347.51525106 847.118723604
167.147106764 789.909535452
481.543227 218.528895053
617.067526764 628.258852594
1682.81774504 173.986547085
2365.19477513 512.166005291
432.978753541 852.497167139
1891.15533981 488.205207414
836.806542583 174.183869148
1502.2832182 348.916294189
563.02244389 461.29127182
1471.25609756 832.277340677
229.244897959 629.436885865
1908.38054363 822.5
1276.98764045 166.462921348
1610.18 512.518297872
2279.90775681 647.929245283
2175.37124464 167.326180258
154.385281385 315.996103896

33_2
29
1586.39797883 553.297401347
583.22779581 1019.98790204
327.368681863 629.202180377
1988.19027182 468.4527897
755.257436452 1988.86587345
1053.40794473 543.995164076
882.652034261 1507.17023555
2345.86228814 848.921610169
1460.90582227 764.359754852
763.508887615 175.260034404
74.6141135973 979.139759036
989.426206109 1196.06223237
1569.34214502 161.737160121
1982.06650912 175.153950034
1088.5665529 1892.25938567
2291.4578813 475.516273133
155.774908785 308.597810834
1175.76153419 167.990550306
739.338199513 684.474452555
166.5 1816.0
2002.82548878 741.098841419
1273.79689521 806.241914618
299.471651854 1016.67054857
1260.57019903 420.300161377
2362.16737438 649.277070064
1781.21983852 481.775317186
1031.39797449 888.786196549
1681.00266667 853.202
2353.0 179.0

33_1
19
138.923829675 1948.91377942
1316.45126108 620.957464213
658.044132397 977.785356068
2356.8224746 836.449491931
1170.68083261 2199.49132697
191.489170277 1249.29890037
463.610048558 416.777227232
1962.13087819 1104.22738432
103.457301452 1522.55422716
2361.55921969 454.898745936
808.403610949 2193.12347117
1472.28859773 974.373583569
917.204545455 1319.97015334
747.198698582 473.488264002
270.26840587 893.227894143
575.108042803 1327.73852261
2041.99974849 476.255030181
73.0905039425 632.489544052
603.61724974 1755.31347419

